end_effector_names, (l_foot,r_foot,l_hand,r_hand)
end_effector_types, (1,1,3,3)

knot_num, (30, 30, 30, 30, 30, 30)
knot_time, (0.5, 0.4, 0.4, 0.4, 0.4, 0.5)
contact_combinations, ((0, 0, -1, -1), (-1, 0, -1, -1), (0, -1, -1, -1), (-1, 0, -1, -1), (0, -1, -1, -1), (0, 0, -1, -1))

q0, (0, 0, 0.864977, 0, 0, 0, 1, 0, 0, 0, -0.5, -1.2, 2, 0.75, 0, 0.25, 0, 0, 0.5, 1.2, 2, -0.75, 0, -0.25, 0, 0, 0, -0.5, 1, -0.5, 0, 0, 0, -0.5, 1, -0.5, 0)
qf, (0.25, 0, 0.864977, 0, 0, 0, 1, 0, 0, 0, -0.5, -1.2, 2, 0.75, 0, 0.25, 0, 0, 0.5, 1.2, 2, -0.75, 0, -0.25, 0, 0, 0, -0.5, 1, -0.5, 0, 0, 0, -0.5, 1, -0.5, 0)

comment.q0, (0, 0, 0.864977, 0, 0, 0, 1, 0, 0, 0, 0, -1.5, 0, 0, 0, 0, 0, 0, 0, 1.5, 0, 0, 0, 0, 0, 0, 0, -0.5, 1, -0.5, 0, 0, 0, -0.5, 1, -0.5, 0)